170747850
170750607
170775019
170738165
170778305
170748937
170741566
170800487
170801040
170781288
170750862
170725663
170716322
170748768
170745829
170737209
170741670
170750122
170717148
170737265
170770204
170735906
170738684
170726206
170785160
170781702
170750340
170797033
170802295
170718267
170737198
170749242
170739349
170724878
170749907
170725318
170752408
170808960
170747266
170750374
170726186
170742887
170748010
170747860
170717187
170748805
170785153
170781582
170718356
170743088
170738169
170732961
170723189
170781500
170806396
170760421
170727996
170743919
170725039
170732508
170727610
170748819
170747030
170754275
170720471
170732163
170807206
170806380
170742909
170711079
170806609
170786611
170771125
170741882
170798777
170725640
170783406
170764634
170768065
170754272
170799037
170799040
170741246
170732674
170736673
170748549
170742937
170744423
170741727
170740269
170722101
170737421
170763254
170717662
170750623
170748478
170721268
170721440
170743057
170733287
170747469
170743918
170742620
170721592
170725936
170798982
170718810
170742886
170747908
170726128
170731493
170740604
170722846
170717378
170744009
170742271
170738259
170747865
170716992
170800477
170721225
170720923
170753605
170728575
170727804
170780837
170742260
170748764
170782807
170758934
170731133
170770976
170724235
170809376
170742955
170804285
170807205
170742796
170726100
170717837
170720725
170726108
170738607
170806377
170716726
170743279
170731343
170768735
170737089
170742308
170726370
170753912
170809391
170750051
170722108
170753540
170717591
170750858
170719496
170748193
170727340
170732512
170748531
170737806
170711088
170804518
170747425
170763253
170749228
170742832
170754016
170803960
170778712
170753781
170717169
170728054
170764867
170781648
170738841
170806397
170722116
170750920
170735832
170742785
170715053
170735370
170802451
170740786
170727205
170735432
170711596
170740619
170807210
170748655
170763256
170737729
170748720
170751995
170717121
170781642
170754739
170742843
170747217
170719740
170748792
170750074
170739924
170754688
170738842
170741041
170742298
170749289
170809379
170718251
170771580
170749057
170745270
170801047
170764949
170737782
170737801
170748494
170727203
170724889
170802455
170715796
170742577
170784216
170751903
170748231
170721304
170738356
170781626
170785774
170732489
170799027
170717677
170778771
170717971
170776699
170780228
170749982
170809183
170776830
170747211
170754149
170747847
170804504
170780699
170741896
170748902
170747830
170724496
170729651
170741525
170741043
170750838
170735431
170726394
170741739
170747027
170798985
170781354
170781057
170747987
170749898
170797124
170806387
170784167
170747825
170725269
170731116
170732895
170749580
170804514
170730274
170761185
170717752
170732582
170742948
170742253
170804512
170777602
170717254
170778846
170764889
170749897
170749894
170747202
170731340
170808494
170743052
170809385
170782709
170747931
170753864
170758355
170718124
170721728
170784761
170747049
170723250
170719270
170742035
170724364
170740497
170754085
170749025
170749766
170777924
170742844
170727622
170749002
170710683
170730260
170734836
170710911
170770993
170801048
170745252
170725562
170720948
170804525
170726386
170741561
170742877
170747224
170737401
170720451
170772683
170749994
170711126
170727616
170742842
170718341
170741513
170808484
170731602
170784591
170740455
170766263
170788552
170763469
170748581
170742860
170743548
170748609
170778772
170748820
170724946
170772501
170785135
170718019
170784857
170717056
170764853
170735395
170743010
170737422
170800495
170748974
170711734
170710670
170719223
170748816
170748728
170711090
170725938
170724544
170721206
170748418
170748918
170775148
170741613
170778754
170747502
170727617
170717623
170800143
170751551
170765794
170804511
170799034
170723041
170749069
170744417
170737180
170739593
170804521
170748726
170738269
170731334
170741181
170717400
170722124
170784773
170724567
170748775
170742713
170751059
170747536
170747750
170800489
170784159
170749633
170749756
170798997
170784248
170797039
170742227
170747845
170752448
170780825
170771636
170749997
170742180
170743877
170731547
170748557
170771586
170728104
170724919
170785771
170722940
170750370
170798988
170807219
170744373
170726008
170730261
170748601
170749347
170717284
170750855
170753642
170781493
170743687
170743051
170710910
170725309
170766573
170764647
170749984
170748369
170734870
170726554
170788559
170711746
170804520
170738154
170722902
170742939
170737925
170782802
170764142
170742277
170715182
170732703
170727978
170741457
170750874
170726556
170801033
170742928
170752535
170741876
170747848
170742865
170748750
170750593
170750603
170724563
170778765
170748325
170737216
170748669
170710906
170737997
170749110
170742905
170747843
170710915
170711141
170749109
170760294
170748047
170724841
170717756
170748608
170748952
170760342
170750576
170747905
170780809
170737840
170716966
170713240
170743003
170807208
170806602
170746635
170743087
170730240
170737661
170803984
170732164
170798776
170785173
170718005
170743023
170732166
170721747
170722821
170742765
170711095
170720862
170752192
170748347
170806378
170775018
170760408
170771195
170747730
170717938
170758176
170713864
170742301
170750362
170781816
170737223
170748746
170741026
170718239
170742726
170710985
170742323
170723693
170753588
170735443
170808479
170717937
170788721
170747465
170711584
170724363
170772209
170763262
170785162
170739953
170777914
170772680
170742196
170742314
170741887
170744126
170802298
170771156
170771128
170750463
170711389
170803972
170732155
170737919
170724555
170757281
170808486
170718747
170753754
170710691
170749674
170807252
170735144
170741888
170745832
170732156
170781580
170779082
170750827
170742589
170753904
170750469
170736763
170797721
170737803
170803998
170749006
170739867
170785742
170776844
170747212
170808498
170723321
170726214
170747529
170718183
170721350
170742954
170749284
170741475
170744412
170804522
170775025
170711595
3928759
170732563
170730456
170797710
170715431
170750788
170718726
170781367
170786608
170718359
170744229
170753579
170806336
170719113
170802454
170798980
170748996
170735384
170735944
170751022
170754373
170743260
170750916
170784156
170759889
170747985
170718303
170735187
170739655
170731625
170737417
170733342
170758935
170806331
170721204
170717753
170711379
170730266
170730947
170731433
170719022
170715584
170736889
170766948
170742931
170807258
170804288
170802470
170802467
170753787
170728114
170785259
170782712
170725214
170753783
170716184
170747429
170720274
170722112
170748041
170738270
170778773
170716029
170742256
170737841
170742721
170722948
170780814
170735127
170748813
170725956
170778802
170731141
170710678
170751018
170718751
170711078
170780689
170781491
170740608
170741921
170718905
170742232
170788714
170785257
170778831
170719373
170738495
170725203
170735394
170736937
170725864
170719125
170742841
170749980
170760369
170784163
170712213
170801572
170764928
170743065
170721165
170724369
170799030
170749114
170722936
170721264
170749996
170748176
170738253
170735145
170760371
170722809
170746855
170727612
170716533
170753645
170730949
170735402
170743078
170727615
170752181
170742265
170748514
170724034
170732661
170728436
170741464
170710990
170741296
170731526
170798991
170720791
170724535
170763271
170797701
170726399
170737254
170726519
170809176
170804509
170718895
170715061
170804510
170778660
170780808
170726509
170744419
170753613
170724040
170737222
170737810
170721310
170721648
170802300
170740611
170743112
170788556
170711573
170722840
170747983
170727606
170742851
170710923
170809189
170797456
170746465
170749278
170753591
170717341
170735399
170727607
170800481
170743549
170743014
170725821
170741749
170802461
170724762
170772530
170804523
170778823
170737274
170732264
170731940
170750063
170723036
170756022
170773175
170742875
170725015
170711091
170718795
170718075
170712075
170742177
170743685
170780697
170755755
170742848
170711149
170736940
170777623
170737793
170732957
170801049
170784173
170747836
170753855
170807202
170733335
170802279
170747949
170735914
170735105
170781282
170747468
170748290
170726650
170744407
170740937
170721863
170781007
170758249
170783524
170747309
170748563
170753701
170731507
170802287
170716317
170742737
170801036
170799245
170747988
170725653
170763263
170755086
170738151
170710698
170723573
170778098
170785128
170747513
170743001
170720861
170730463
170718104
170754853
170736674
170808496
170722120
170753582
170720871
