170732489
170725015
170723693
170731940
170727340
170721592
170726509
170726100
170726650
170725936
170726008
170726519
170771156
170771195
170771580
170768735
170766948
170768065
170760294
170746465
170746635
170771636
170771586
170772501
170771125
170754853
170773175
170732264
170734836
170723321
170726128
170740786
170738356
170721310
170724567
170721304
170720948
170738841
170725653
170720861
170725309
170718303
170717837
170740497
170723573
170720862
170721350
170726214
170725318
170739867
170720871
170743057
170721648
170717938
170726206
170721863
170738684
170724889
170721268
170725039
170721440
170724878
170721264
170725269
170724841
170725938
170741296
170716966
170724235
170711379
170711078
170710915
170711126
170711095
170710906
170710911
170710923
170711141
170710990
170711573
170711090
170711088
170710691
170711595
170711389
170711596
170711079
170710678
170711149
170710683
170711584
170710698
170710985
170710910
170711746
170711734
170711091
170716533
170715431
170724364
170724496
170718341
170718183
170717591
170717623
170724363
170715061
170715053
170715182
170724034
170724040
170724369
170721165
170716992
170749894
170750788
170753645
170749580
170754275
170750855
170754016
170749766
170749756
170750603
170751018
170752448
170747429
170763253
170751995
170765794
170750858
170753912
170763271
170750374
170750074
170758176
170750576
170750370
170751022
170752408
170750607
170749898
170754272
170753642
170763262
170757281
170763254
170758355
170750593
170752181
170752535
170750874
170763263
170750051
170753904
170750362
170763256
170752192
170749674
170749897
170750862
170750063
170750623
170754085
170732508
170732512
170730947
170731493
170732703
170737925
170732674
170730456
170730240
170733335
170733342
170731547
170732164
170731340
170730266
170737089
170731334
170730274
170732156
170730463
170737417
170739593
170730261
170737421
170732957
170737919
170734870
170733287
170731602
170732961
170730949
170731625
170735944
170731343
170732563
170732661
170732582
170732895
170729651
170731507
170732163
170735105
170730260
170731526
170735402
170732155
170737401
170737422
170732166
170755086
170772680
170771128
170772683
170770204
170764867
170764853
170737801
170744229
170735432
170742842
170727616
170742314
170742848
170737793
170727622
170743065
170727607
170727612
170742298
170743051
170742227
170737810
170731133
170737806
170744419
170741882
170731141
170744423
170737840
170735145
170735906
170741475
170741888
170735144
170741727
170742232
170742796
170744417
170735127
170738169
170727617
170737254
170727615
170742785
170735443
170727606
170744412
170741887
170742843
170743112
170735431
170727804
170736674
170743010
170741739
170738151
170743052
170742955
170740604
170741525
170741749
170740619
170741026
170740269
170742954
170741670
170742308
170739924
170736673
170741181
170740608
170741513
170764634
170760421
170754688
170764142
170761185
170760408
170754739
170754373
170764647
170742177
170747931
170742887
170742180
170753864
170748768
170743918
170742931
170749110
170750463
170742875
170742909
170753787
170749996
170747465
170742939
170748819
170745829
170748418
170743685
170747985
170742196
170747469
170747266
170743687
170749242
170753754
170742860
170748974
170749057
170748231
170743549
170748563
170748041
170749284
170747513
170754149
170749907
170747468
170737198
170748728
170742948
170750469
170743919
170748792
170743548
170744009
170747847
170747502
170742937
170748047
170742589
170749633
170743877
170742726
170747309
170748937
170747905
170748176
170749228
170751551
170748369
170753855
170749997
170749114
170748581
170748010
170746855
170742620
170749347
170750838
170748549
170753781
170749069
170750827
170742905
170748325
170748902
170748601
170753783
170738270
170739349
170743003
170741043
170742721
170737841
170742713
170741457
170743279
170748655
170742844
170737209
170735395
170735394
170728114
170742832
170742260
170743078
170742265
170747529
170743087
170747750
170737223
170748609
170743088
170737222
170747536
170738259
170743023
170742301
170744373
170748918
170728104
170742256
170743014
170742841
170748608
170740611
170735399
170748193
170742253
170740937
170742877
170747730
170741041
170743001
170738253
170737782
170741464
170748669
170737216
170742035
170735384
170742271
170742323
170738269
170741566
170735914
170728575
170725203
170725214
170758249
170736937
170736940
170727203
170725821
170772209
170731433
170766573
170723250
170736763
170722846
170723189
170722840
170727205
170731116
170725864
170728436
170751059
170752136
170780837
170781288
170781648
170782802
170784163
170785774
170781354
170785259
170759889
170764928
170785771
170775018
170781367
170785742
170784167
170758935
170763469
170785153
170764949
170780689
170776699
170784857
170781626
170781642
170778823
170780699
170785135
170786611
170781582
170780808
170785257
170745252
170784248
170779082
170780814
170786608
170781282
170780697
170785128
170788714
170781500
170745270
170781057
170784159
170784156
170781580
170758934
170788552
170785162
170781491
170766263
170775025
170788721
170782807
170775019
170784173
170788559
170780825
170785160
170780809
170785173
170777914
170778802
170756022
170778660
170781702
170777924
170778098
170778712
170780228
170781493
170781816
170788556
170781007
170778305
170712213
170715584
170725562
170722902
170713864
170712075
170713240
170724946
170741246
170739655
170735370
170737729
170737997
170742277
170738495
170727978
170737274
170737265
170738154
170741896
170741561
170738607
170727610
170728054
170744407
170738842
170740455
170727996
170743260
170737803
170737661
170741613
170738165
170741921
170735187
170741876
170717169
170718075
170716726
170718905
170715796
170718005
170717254
170718019
170716322
170717753
170717187
170716029
170717677
170719270
170718359
170717056
170722101
170718356
170717752
170719022
170717148
170717756
170722112
170722120
170722116
170717662
170717341
170716317
170722108
170719223
170719373
170722124
170716184
170778773
170778765
170784216
170782709
170784761
170778846
170783406
170783524
170778772
170776844
170784591
170778771
170772530
170778831
170778754
170777602
170750122
170755755
170776830
170777623
170775148
170782712
170784773
170719113
170717971
170725956
170724563
170720451
170722821
170724544
170721728
170718810
170721206
170721747
170723041
170718895
170718726
170725663
170718747
170721204
170724762
170723036
170717937
170717121
170718251
170717400
170719125
170717284
170736889
170720791
170720471
170724535
170718239
170722809
170726186
170718795
170726556
170717378
170726386
170726370
170720274
170739953
170718267
170726554
170720923
170726394
170719740
170724919
170721225
170726108
170720725
170724555
170725640
170726399
170718124
170718104
170719496
170718751
170797710
170807219
170808496
170807206
170806331
170797456
170808484
170808486
170807208
170807210
170809385
170799037
170809379
170800495
170798777
170802287
170800481
170800477
170801040
170799040
170809376
170797124
170797721
170806336
170800143
170801048
170798988
170807258
170809189
170798997
170799030
170802295
170809176
170802279
170800489
170798982
170806602
170804522
170799245
170800487
170808494
170804285
170797033
170801049
170809391
170808498
170799034
170803972
170801033
170802298
170806396
170802500
170804288
170807205
170806387
170806380
170804518
170804520
170804521
170808960
170809183
170801036
170801047
170802300
170803998
170806378
170802455
170799027
170801572
170804509
170804512
170797039
170798776
170804523
170806609
170804514
170797701
170804511
170804525
170804510
170803960
170802461
170798985
170802467
170807252
170808479
170804504
170807202
170806377
170798980
170806397
170802470
170802451
170803984
170802454
170798991
170747836
170748478
170749984
170747211
170749006
170748726
170747983
170742886
170747988
170749109
170742577
170742737
170751903
170744126
170748805
170748775
170748816
170747212
170748347
170747949
170748996
170742928
170748531
3928759
170722948
170760342
170770993
170760364
170722936
170760371
170770976
170722940
170760369
170710670
170747425
170735832
170764889
170747850
170747845
170753579
170750916
170748557
170748764
170748820
170742865
170749025
170749002
170748290
170745832
170753588
170747217
170737180
170748720
170749994
170753605
170747224
170749982
170748746
170747825
170748494
170753591
170753613
170748514
170750340
170747843
170742765
170749980
170747865
170742851
170749289
170750920
170747202
170747027
170747030
170747848
170753701
170747860
170747049
170747987
170748952
170748750
170748813
170749278
170753540
170747830
170747908
170753582
