170734836
170732264
170723321
170771156
170771195
170772501
170771580
170771636
170771586
170746635
170766948
170760294
170754853
170746465
170768735
170771125
170768065
170773175
170755086
170764867
170764853
170772680
170771128
170770204
170772683
170725214
170725203
170728575
170754149
170742177
170748768
170753783
170744009
170750827
170742256
170742887
170741043
170742939
170748010
170749110
170748581
170753855
170747931
170749997
170742726
170749057
170748041
170737782
170742860
170747465
170753787
170742909
170742875
170742931
170750469
170743078
170747309
170748549
170749633
170747468
170749284
170750838
170747469
170742905
170745829
170748974
170742180
170743687
170748047
170735384
170743918
170749228
170742196
170744373
170748563
170748601
170743549
170742035
170749996
170748819
170753754
170753864
170747502
170743548
170741464
170747985
170748176
170748728
170749069
170741457
170737841
170746855
170742877
170747513
170743087
170748937
170747266
170748902
170728114
170738270
170753781
170742265
170737198
170747905
170749242
170748325
170743685
170742948
170742589
170748369
170750463
170743003
170743919
170749907
170739349
170749114
170748655
170743877
170743014
170740611
170742620
170742253
170748608
170742844
170743088
170742841
170742713
170742721
170735399
170749347
170742832
170743279
170743001
170748609
170748193
170738269
170728104
170742301
170742937
170748418
170747529
170747847
170737223
170747730
170735914
170737216
170741041
170742271
170738259
170747536
170748918
170747750
170738253
170741566
170735394
170742260
170737222
170751551
170740937
170748792
170737209
170735395
170748669
170743023
170742323
170748231
170743112
170736674
170741739
170738169
170727612
170735431
170727804
170741475
170735145
170744412
170727615
170727617
170738151
170743065
170742848
170735443
170737254
170737801
170727622
170744417
170742842
170741887
170737840
170742796
170744229
170742298
170741882
170731141
170737793
170743051
170744419
170735906
170737810
170735144
170741888
170727607
170735127
170744423
170742232
170742785
170742314
170727606
170741727
170743010
170742227
170731133
170737806
170742843
170725859
170725871
170731105
170723346
170726652
170729874
170723241
170725824
170723279
170722835
170731654
170722829
170725868
170723295
170723244
170731092
170726419
170723283
170726256
170729859
170731089
170723644
170726259
170723231
170727340
170732489
170731940
170725015
170723693
170748557
170753701
170749278
170753591
170753540
170749002
170747027
170748952
170750920
170747049
170745832
170747830
170747202
170753579
170748820
170747843
170753605
170748494
170749980
170742851
170747908
170749982
170749025
170747860
170748746
170747030
170749289
170747845
170747850
170747987
170748514
170750916
170747825
170748290
170753588
170747848
170742865
170748813
170737180
170749994
170748764
170750340
170748720
170721592
170726100
170726650
170726519
170726008
170726509
170725936
170748750
170742765
170747224
170753582
170753613
170747217
170747865
170711595
170710691
170711126
170710911
170710915
170711573
170711090
170710990
170711584
170711088
170711078
170710698
170710910
170710923
170711091
170711734
170711596
170711389
170710683
170711149
170711141
170710985
170710906
170710678
170711079
170711746
170711379
170711095
170760342
170760369
170735832
170710670
170770993
170722940
3928759
170724364
170715182
170717591
170717623
170718183
170760371
170722936
170770976
170764889
170722948
170721165
170716533
170724034
170715061
170718341
170716992
170715053
54037695
170747425
170724496
170724369
170724040
170715431
170724363
170741296
170721304
170721310
170724235
170738356
170721648
170721863
170724841
170716966
170726128
170723573
170720861
170724567
170717837
170725309
170738841
170720948
170721350
170721440
170725269
170725653
170740497
170738684
170725039
170740786
170739867
170724889
170720862
170743057
170721268
170726206
170725318
170718303
170720871
170725938
170726214
170717938
170724878
170721264
170735944
170731602
170732961
170732166
170732957
170737401
170737089
170731507
170733287
170730949
170732508
170732563
170732703
170731625
170731340
170731493
170737422
170730456
170731526
170732661
170731343
170732155
170732512
170730260
170732582
170732163
170732895
170732674
170731334
170730266
170729651
170737421
170737417
170737925
170730240
170730261
170730274
170735402
170733342
170739593
170732164
170732156
170734870
170730463
170737919
170733335
170735105
170731547
170730947
170750140
170751004
170754270
170772687
170763264
170745998
170758196
170724746
170724358
170752465
170750866
170750589
170754021
170758143
170750367
170717429
170749771
170747111
170749773
170754256
170750604
170750054
170752538
170749885
170751208
170752689
170732160
170735499
170732507
170730247
170733291
170730459
170730468
170732157
170739706
170732652
170711093
170737402
170721867
170716962
170731345
170737093
170730246
170711130
170733510
170710947
170710909
170711100
170710932
170726136
170724892
170720867
170729874
170720855
170724879
170739276
170725307
170716951
170721402
170725433
170724849
170719054
170731116
170727205
170725821
170722846
170751059
170722840
170736763
170758249
170731433
170772209
170728436
170736940
170727203
170736937
170723250
170725864
170723189
170766573
170715031
170719365
170720017
170728540
170731159
170719846
170720042
170722306
170731166
170736245
170735483
170719351
170719878
170731151
170735023
170736008
170720015
170729681
170735015
170728528
170731031
170715270
170719898
170727599
170751022
170750874
170749674
170754016
170753912
170763256
170750607
170753904
170754085
170763271
170749756
170754272
170754275
170752181
170753645
170752408
170750593
170750788
170763253
170750623
170750855
170757281
170749766
170750370
170750362
170751995
170751018
170750074
170750374
170753642
170749897
170763262
170750603
170763254
170750858
170765794
170750063
170752192
170750862
170747429
170758355
170758176
170741525
170752448
170750051
170741181
170749898
170750576
170752535
170749894
170763263
170749580
170741749
170743052
170742954
170736673
170742955
170740619
170741670
170739924
170740608
170741026
170740604
170742308
170741513
170740269
170727616
170735432
170800489
170809176
170802287
170802300
170797710
170804285
170809189
170800143
170804288
170803998
170808498
170802461
170801036
170804520
170800487
170801047
170800477
170808484
170804525
170808486
170798988
170804512
170806377
170797033
170806397
170808496
170801048
170804504
170798997
170797124
170802295
170802279
170803984
170802470
170807219
170798982
170804511
170807210
170797456
170807258
170798776
170799245
170800481
170806396
170806609
170801040
170809379
170806336
170802467
170809391
170807208
170807252
170797721
170807206
170799037
170801033
170801049
170807202
170806378
170808479
170798777
170803972
170809385
170797039
170802454
170804523
170804510
170799034
170804509
170802451
170798985
170806331
170798980
170799030
170799040
170804522
170801572
170802298
170808960
170807204
170809183
170804514
170803960
170800495
170806380
170802455
170804518
170806387
170804521
170798991
170807205
170799027
170808494
170806602
170809376
170797701
170725663
170736889
170724762
170719113
170717400
170723041
170726370
170724563
170719125
170720791
170743083
170718751
170724555
170717284
170721747
170717937
170726556
170720725
170717121
170720471
170725640
170726554
170718895
170720451
170726399
170718795
170724544
170718251
170719496
170722821
170718810
170718747
170724535
170723036
170719740
170741554
170725956
170718726
170726108
170721728
170717971
170718104
170718239
170742797
170726394
170718267
170721225
170722809
170724919
170739953
170721206
170735907
170717378
170720923
170721204
170731149
170741564
170743005
170744425
170718124
170720274
170726186
170726386
170742835
170742847
170727825
170781354
170781626
170781500
170778098
170780697
170764928
170758935
170785128
170776699
170766263
170780689
170785173
170786608
170745252
170784156
170785153
170775018
170785774
170778823
170780808
170781282
170788714
170745270
170788556
170786611
170764949
170781582
170781642
170781580
170784159
170788552
170788559
170780814
170781057
170780699
170763469
170785135
170778660
170781648
170785257
170784857
170785162
170784248
170759889
170784163
170775019
170784167
170779082
170781491
170780837
170785259
170775025
170781288
170785742
170782802
170784173
170781367
170778712
170785771
170780825
170788721
170782807
170778802
170785160
170756022
170758934
170780809
170781816
170781702
170781493
170777924
170781007
170778305
170780228
170777914
170784761
170778772
170778754
170784216
170755755
170778771
170777623
170782709
170782712
170777602
170776844
170778773
170740620
170783406
170783524
170784591
170776830
170784773
170775148
170772530
170750122
170741046
170740618
170741178
170778846
170778765
170741045
170740622
170740610
170778831
170718905
170717169
170718005
170715796
170718075
170717254
170716726
170718019
170763973
170754425
170763957
170763884
170754547
170761380
170732382
170715648
170723100
170761209
170760408
170761214
170761189
170760411
170764142
170754739
170760421
170764276
170764647
170754688
170761185
170725927
170725939
170726579
170726011
170754373
170764634
170723260
170715376
170725177
170720847
170725940
170716184
170716317
170722116
170719373
170734843
170734703
170734828
170722108
170734708
170728995
170723702
170730900
170723447
170758681
170719223
170717662
170722124
170732129
170717341
170734704
170723720
170732265
170723967
170732130
170728996
170730764
170717753
170717056
170718356
170718359
170717752
170716322
170717677
170717148
170722101
170716029
170719022
170717187
170717756
170732268
170719270
170722112
170722120
170727996
170737661
170738165
170741613
170735187
170735370
170738495
170741246
170737803
170727610
170741896
170739655
170737997
170741921
170738154
170742277
170741876
170728054
170737729
170743260
170737274
170727978
170737265
170738607
170740455
170744407
170741561
170738842
170737837
170750467
170740933
170748605
170743092
170742255
170739331
170737831
170742072
170742603
170748941
170748940
170743084
170743121
170742049
170740936
170744358
170728120
170742306
170748871
170743077
170743093
170735392
170742356
170727778
170735381
170748619
170748525
170712213
170712075
170725562
170713864
170722902
170713240
170715584
170724946
170749984
170742737
170747836
170748531
170749109
170748775
170742928
170748347
170742577
170747988
170747211
170748805
170749006
170751903
170748478
170742886
170748816
170748996
170747983
170747212
170744126
170771629
170770093
170747949
170746558
170748726
170771509
170746574
170772293
170760707
170761900
170756927
